50 25
-30 44 59 -99 39 -75 -11 -79 -96 42 25 7 -8 -56 -85 26 62 47 75 30 51 -5 -68 -1 75
-2 58 -11 -62 -35 41 -87 93 31 66 33 2 -75 98 62 -95 55 -94 -3 93 -60 44 80 53 63
49 -51 46 43 -55 42 53 -62 54 25 75 46 60 19 73 -13 -36 -73 -93 -82 -44 -71 72 -53 40
71 -31 68 -69 -21 -32 2 -31 98 15 50 -99 61 51 99 86 -37 78 82 -53 30 -95 55 25 -79
-67 23 15 22 -91 98 -5 82 76 -31 -79 7 100 78 92 57 -9 82 17 32 21 -55 51 -70 64
43 -81 44 -40 -50 -41 20 -52 3 78 69 57 71 22 -42 58 85 90 -81 81 -84 16 -28 -7 -32
-1 -54 81 -24 88 75 63 -24 71 -65 99 50 73 66 21 -61 50 -52 -95 -35 6 -29 75 -8 -100
63 100 69 20 63 -63 80 13 -76 97 -6 60 -64 21 -49 18 -44 84 -55 -37 47 -61 94 -78 -57
7 -99 6 -60 87 -28 47 -74 -20 -70 83 -1 11 49 41 66 -20 20 -63 -21 -59 16 53 -20 -23
96 -80 -47 30 50 -7 14 28 -100 32 -6 -56 -91 -33 -68 -96 -1 -49 -67 -60 -55 -23 71 97 -65
-23 23 -58 -65 12 -75 -88 64 57 -25 -36 24 29 99 -64 94 -2 16 24 -49 91 85 -48 -37 97
-18 -88 -61 -47 -8 -40 18 12 -35 -43 -47 60 -22 -53 71 59 -29 87 86 -100 77 59 32 -100 54
-100 51 48 92 31 26 61 -59 94 19 -67 19 -61 -27 49 90 17 92 75 -80 69 -88 -48 100 46
29 -55 -49 -26 -51 -54 -15 -14 -66 -18 50 -66 100 17 37 2 -19 -84 81 79 -41 -57 -73 -43 -17
38 -98 78 -54 -42 -63 -88 8 18 -6 17 90 45 59 73 -55 -51 66 41 2 10 -48 21 -48 86
13 -82 -98 -69 -61 39 79 -44 72 100 62 -45 70 58 84 -24 -75 45 -16 52 -44 73 -16 -76 -93
-44 49 -100 -25 -41 -71 20 -83 38 -90 95 -62 -28 -56 -6 27 14 86 71 96 -57 -94 -42 14 83
-16 -88 58 -53 68 11 11 3 -93 -27 -58 -13 74 98 -6 94 90 -14 -6 35 64 78 -18 -19 -12
-12 56 49 -62 3 84 71 -9 -33 -41 10 17 37 -21 -73 -45 59 33 28 -97 48 88 0 11 11
63 -30 91 -51 -58 -65 -44 -33 -17 88 73 75 62 -2 -77 -99 -80 35 -81 12 23 -29 -95 -24 39
-74 78 -4 31 4 -80 57 70 74 25 -10 2 -48 -4 -60 -88 24 -67 -94 -73 -34 -95 76 89 -52
40 76 99 -73 -22 30 -89 -87 -40 14 -91 48 -61 -34 56 62 73 56 83 100 12 -81 -67 -81 -77
30 65 -45 58 -32 -82 52 -45 -88 80 -84 94 -68 -85 -13 -57 96 30 74 92 3 -10 97 -100 -85
99 13 89 32 17 -41 52 87 -55 -21 21 63 26 81 -32 -72 -85 48 36 68 38 17 48 -24 -62
-26 55 -32 84 -71 -86 90 -90 58 55 -2 99 -45 71 90 -42 -47 -70 -43 72 18 21 -89 14 17
-81 -89 -55 -28 31 15 -30 77 12 36 -8 76 75 -92 56 -65 75 -78 -88 -15 -25 -80 -43 81 81
86 -52 78 17 2 -56 81 -34 8 5 79 41 11 -5 -89 89 -14 -73 -65 68 -13 41 69 -39 -94
50 -62 17 22 -84 -93 62 -32 10 18 -94 -80 1 -68 -52 71 -22 8 27 -73 -77 -65 -73 -91 70
76 2 34 78 -59 95 -11 99 26 -51 1 62 -55 -100 -27 -56 -24 70 -11 -59 71 96 -34 -20 -76
59 -43 -56 97 58 23 32 -96 -41 8 89 -97 -47 34 34 -91 89 -39 62 -19 -4 73 -56 -87 -55
-65 -24 -64 68 47 -85 95 72 -32 -26 -39 -78 -81 -35 98 -30 90 -2 -84 19 90 6 -87 -83 75
71 41 3 3 73 -29 -33 16 -99 -24 -71 -52 -51 20 23 -52 -66 -71 6 -81 33 16 -11 -46 48
-73 97 -58 58 6 -88 -56 3 32 28 -58 36 -1 55 -11 49 -80 -45 -96 -72 -76 -60 -17 19 18
87 -80 -76 -60 -74 -85 -100 68 -99 -67 31 -2 -75 -61 42 62 -34 25 29 26 88 -9 61 90 -36
20 19 16 14 -78 -15 28 -63 33 -9 -3 -6 -85 38 73 88 90 72 72 -73 79 66 -56 -7 -65
-7 -53 43 -36 -3 78 -70 38 77 -90 -50 22 49 -53 -88 -65 -76 36 -34 -13 93 -17 27 74 31
87 -18 93 82 38 69 63 64 -87 -62 -34 98 -31 73 -25 90 73 63 -85 78 -3 93 3 28 -74
48 69 97 17 97 -99 -38 75 -11 64 100 52 15 65 -95 -56 -9 24 30 90 46 10 43 -15 -42
-64 -90 -12 -67 2 -85 -52 -61 8 -35 -18 -69 -100 -56 25 35 -94 -61 -44 -80 69 12 98 38 -79
-3 51 81 -38 85 -96 -37 21 78 -12 53 36 -7 -71 -53 89 13 -80 16 84 -60 57 -67 11 48
95 -80 27 -34 -59 -12 22 84 -56 49 -56 -28 -77 -24 20 -42 -23 71 94 -79 9 -56 -97 -38 -35
94 -97 -60 34 -33 16 22 -46 -77 30 2 5 32 -98 -70 -44 12 -88 73 8 40 -30 -31 -57 -25
-77 17 -29 36 94 73 15 -98 53 -39 79 -85 0 -66 99 -89 96 15 65 57 12 -64 -88 60 63
1 63 -38 -91 -17 6 -100 -82 61 90 -10 77 -49 -43 -31 76 76 32 -91 36 -30 22 8 -87 -82
-39 89 89 -78 18 85 1 -3 -35 29 40 15 -21 80 24 5 -11 -82 57 72 76 62 -86 -85 77
42 -87 -15 87 -11 -12 -71 -85 -41 81 47 39 -31 -96 -74 -14 -81 61 32 36 87 31 44 -59 -85
51 -5 53 -43 -13 -85 -48 -48 -83 -25 -54 -47 -73 -17 77 -86 53 64 -62 -39 -61 17 79 0 5
91 -69 0 9 -37 -100 -59 -6 -31 -62 -9 -90 87 -7 93 82 72 70 -34 -4 70 36 -70 -43 69
83 -1 -53 -61 -71 -73 36 -16 -16 14 86 -19 -84 -83 63 -10 -61 -97 -4 61 -86 -73 -50 75 0
-64 -89 54 84 56 18 -57 37 -9 4 39 -1 81 -14 -25 -25 8 24 -81 -8 97 -42 81 24 -17
25 50
11 93 79 48 -63 87 53 18 -3 -93 -78 58 -81 76 -73 -68 54 -18 -8 -28 -97 34 16 -34 2 -45 30 -20 55 -6 74 32 0 38 -31 18 26 42 84 9 85 17 -37 24 -68 25 81 -27 11 87
-82 66 -47 -29 99 -74 -66 -36 -23 -47 -66 -1 -27 76 -12 72 -61 -13 66 58 -78 17 -34 -26 -20 17 -72 57 -8 -66 10 45 -71 -71 -33 -34 -86 -73 -51 -61 -63 -16 49 2 85 -61 -76 42 42 -68
69 30 -61 12 91 -56 -17 -4 -60 22 29 89 -23 -22 85 -22 -60 28 28 7 8 88 -85 50 79 -20 -38 -2 93 15 -65 85 -69 45 36 -36 16 84 -89 -44 -82 13 60 72 -1 86 97 -68 -87 70
52 20 -8 -15 84 72 -92 60 -99 95 31 43 2 18 -57 34 -2 39 -16 -56 -49 68 -82 -86 -41 -25 53 -67 -17 78 -25 15 67 -78 -5 -40 -16 92 74 94 -98 99 47 59 35 -100 -69 66 91 28
-19 -99 -8 71 -15 -45 68 94 89 -24 -38 36 52 -59 92 -1 -10 48 55 89 -20 31 15 78 -55 73 89 7 -56 78 -29 48 54 -27 -17 -61 -27 -20 -64 -91 -49 -10 42 8 -6 59 -100 39 -56 -38
35 56 63 65 4 11 -21 88 2 -11 77 77 -30 -60 -90 -40 -43 -92 -61 66 -16 -52 29 1 -93 -100 -48 -32 -60 95 -29 54 65 65 56 31 -38 -69 -19 13 52 -78 61 -4 -3 27 94 -6 0 -51
-37 36 90 -22 -81 -24 -55 -77 60 58 23 0 -71 -9 -15 -44 20 -36 89 -81 33 -79 45 -15 72 -36 10 73 -64 -23 -64 82 -17 -26 36 -80 5 58 55 95 92 45 -68 -19 -3 -25 -68 9 -88 -8
21 -16 -46 2 -51 47 54 70 70 -59 -56 51 83 54 68 -10 82 -11 73 51 -35 6 31 36 -23 -80 29 9 -25 1 -34 -33 94 -16 -38 39 -43 -41 16 60 -89 79 -24 -84 86 -66 52 32 -95 32
79 27 -91 -65 54 -49 83 25 30 -96 75 -4 -28 20 -41 17 57 -15 98 100 -45 -73 50 -72 -2 -61 -40 -25 -61 6 -91 83 0 -17 -87 -38 17 6 -30 75 55 -33 85 -74 -32 25 37 23 -81 -57
-49 -73 52 -71 58 -19 2 -8 58 -83 7 92 48 -15 66 -29 74 -26 26 -68 -30 -47 -7 -9 -90 52 -84 -24 1 -3 -89 66 -44 -35 -43 82 -12 -60 30 13 48 -78 -24 -61 17 37 64 -21 -80 -38
74 -5 16 -39 -42 -15 3 -10 -75 12 -63 -63 35 -56 96 23 7 95 -57 92 54 59 -77 -64 -63 -28 -11 -83 6 -95 -66 -35 43 -5 72 -79 -91 -57 -57 4 92 -89 -98 11 44 -70 -32 -14 -82 -40
-91 -73 -96 62 -70 49 51 -36 -81 -13 7 52 88 46 6 -81 -36 -26 40 -76 42 59 -35 -83 -8 -18 -48 -85 24 -91 -75 -38 -73 -68 63 66 -47 68 88 -37 -25 52 -72 -86 -84 1 -77 -95 -44 -66
21 -14 -99 -92 14 -53 50 54 -91 28 -13 79 76 1 -93 -84 -65 58 -73 97 -71 -16 -95 -16 -48 -56 -8 82 54 35 -38 -28 -1 -49 30 11 4 31 10 -18 24 -51 -99 41 -32 -46 28 84 -71 69
76 -63 -9 -78 -38 26 -10 -9 6 -77 -46 100 -41 62 -31 36 -96 -91 91 44 -57 -72 -67 69 -42 -68 -7 98 69 92 -7 93 59 26 -99 59 48 -22 26 -66 0 12 -22 12 55 -96 2 -48 -44 49
51 38 30 25 -44 99 43 -58 98 7 -68 -54 3 -79 89 7 29 -49 25 -46 -64 -86 -80 -53 93 97 42 7 16 71 47 1 -82 -80 -62 31 -75 62 -80 -66 73 20 -44 -13 19 77 -77 73 7 14
41 58 -60 98 70 -9 75 -8 -7 33 71 19 69 98 -75 -35 -94 -68 -39 44 58 73 94 93 36 -58 36 -34 100 -91 46 -24 23 18 96 -42 -22 42 -96 -44 -62 -44 -82 -52 -97 76 35 -83 59 45
-52 80 19 52 -86 47 -47 -75 -57 -35 -51 80 -21 -14 67 -4 -67 -59 27 98 68 -83 27 -76 70 -46 87 -75 84 -45 91 55 -15 85 69 -41 2 -46 79 91 96 -64 -58 -86 44 -66 -47 -19 -84 -45
-61 8 -46 -86 -34 -96 62 14 51 35 -12 19 -52 -68 50 -2 -73 -4 -53 -50 80 -14 77 42 58 92 -89 -71 5 42 32 91 91 62 -13 -78 -5 48 -22 -68 -78 -23 45 24 80 86 -9 -45 -53 100
-100 -36 -95 -68 -72 -53 -52 59 -72 -19 16 5 1 -18 -69 75 29 16 55 76 39 63 16 -28 -86 90 -49 -83 47 53 -12 40 -34 -8 -9 -23 29 98 71 69 -42 -89 79 26 11 -74 43 -39 -2 -45
85 -9 72 -34 -9 -55 11 -85 -33 -67 -42 85 8 60 -9 2 1 48 61 -1 -51 -98 -38 61 -51 15 -38 61 -100 -77 -7 -7 -56 91 -15 -11 -9 22 99 -72 -27 72 97 -47 56 23 -39 -78 75 -64
27 70 97 46 -47 57 -41 -60 42 -23 85 -13 -56 77 -83 -67 -15 32 95 -43 76 -55 65 -63 -90 -71 -27 24 -41 -49 -82 -92 -62 74 73 100 -15 20 -39 100 31 17 75 44 -48 -67 -22 19 -96 78
-34 52 50 -22 -40 -19 81 -77 63 74 -88 -71 -75 50 83 67 24 -65 98 20 12 -32 19 12 39 5 27 100 93 50 68 -97 79 -70 -80 58 44 -34 60 -35 98 -33 46 -70 -87 42 38 71 24 66
11 73 -8 -7 32 4 67 -75 85 -37 31 -7 -92 45 31 28 -43 73 15 -10 -38 7 61 -84 3 -91 47 -95 8 74 -38 11 -53 20 -5 -49 18 7 -51 -74 48 6 -75 -31 -65 64 -44 -97 -71 44
43 7 31 11 -96 8 94 20 16 91 -12 31 90 40 50 -84 -13 -88 22 -52 -80 -13 -80 -88 -72 -43 -35 -67 11 -74 59 71 68 -55 36 -72 51 5 47 16 -10 36 20 -4 92 4 20 -69 22 30
100 -90 -79 30 22 47 50 96 83 5 -65 82 41 -37 86 74 -82 -2 -83 33 -27 -30 24 89 -75 92 -15 58 -25 81 38 -46 63 -75 79 89 -54 -67 93 4 34 -41 -52 -61 24 94 40 55 -49 -33
